250 156 184 とき（鴇）色
207 64 120 つつじ（躑躅）色
251 218 222 桜色
213 62 98 ばら（薔薇）色
230 75 107 からくれない（韓紅）色
255 127 143 さんご（珊瑚）色
223 130 138 紅梅色
227 128 137 桃色
190 0 63 紅色
184 26 62 紅赤
173 49 64 えんじ（臙脂）
148 71 75 蘇芳（すおう）
158 34 54 茜（あかね）色
190 0 50 赤
239 69 74 朱色
158 65 63 紅樺（べにかば）色
239 70 68 紅緋
209 72 62 鉛丹（えんたん）色
109 58 51 紅海老茶
122 69 61 とび（鳶）色
144 93 84 小豆（あずき）色
134 62 51 弁柄（べんがら）色
105 60 52 海老茶
234 78 49 金赤
173 78 57 赤茶
141 57 39 赤錆（あかさび）色
235 105 64 黄丹（おうに）
230 82 38 赤橙
219 92 53 柿色
181 114 92 肉桂（にっけい）色
182 72 38 樺色
145 76 53 れんが（煉瓦）色
98 64 53 錆（さび）色
134 92 75 桧皮（ひわだ）色
112 75 56 栗色
216 96 17 黄赤
178 98 53 たいしゃ（代赭）
176 118 79 らくだ（駱駝）色
177 99 42 黄茶
241 187 147 肌色
239 129 15 橙色
129 101 81 灰茶
109 76 51 茶色
86 69 57 焦（こげ）茶
250 165 92 こうじ（柑子）色
216 159 109 杏（あんず）色
235 132 0 蜜柑（みかん）色
107 62 8 褐色
159 108 49 土色
212 161 104 小麦色
170 122 64 こはく（琥珀）色
180 119 0 金茶
244 189 107 卵色
248 169 0 山吹色
184 136 59 黄土色
132 116 97 朽葉色
255 187 0 ひまわり（向日葵）色
237 174 0 うこん（鬱金）色
197 182 158 砂色
200 166 93 芥子（からし）色
227 199 0 黄色
227 199 0 たんぽぽ（蒲公英）色
106 95 55 鶯（うぐいす）茶
237 214 14 中黄（ちゅうき）
234 213 107 刈安（かりやす）色
214 201 73 きはだ（黄檗）色
113 107 74 みる（海松）色
194 189 61 ひわ（鶸）色
112 108 62 鶯（うぐいす）色
192 186 127 抹茶色
187 192 0 黄緑
124 122 55 苔色
170 179 0 若草色
151 166 30 萌黄（もえぎ）
115 124 62 草色
169 192 135 若葉色
104 126 82 松葉色
186 219 199 白緑（びゃくろく）
0 182 110 緑
0 123 80 常磐（ときわ）色
77 129 105 緑青（りょくしょう）色
60 103 84 千歳緑（ちとせみどり）
0 86 56 深緑
0 83 62 もえぎ（萌葱）色
0 163 126 若竹色
109 168 149 青磁色
106 168 157 青竹色
36 67 62 鉄色
0 142 148 青緑
96 138 142 錆浅葱（さびあさぎ）
109 150 156 水浅葱
83 168 183 新橋色
0 133 155 浅葱（あさぎ）色
115 179 193 白群（びゃくぐん）
0 104 124 納戸（なんど）色
126 177 193 かめのぞき（甕覗き）
157 204 224 水色
87 109 121 藍鼠（あいねず）
137 189 222 空色
0 106 182 青
43 75 101 藍色
34 53 70 濃藍（こいあい）
137 172 215 勿忘草（わすれなぐさ）色
0 123 195 露草色
43 97 143 はなだ（縹）色
58 72 97 紺青（こんじょう）
0 81 154 るり（瑠璃）色
39 71 122 るり（瑠璃）紺
52 61 85 紺色
67 90 160 かきつばた（杜若）色
58 60 79 勝（かち）色
56 77 152 群青色
41 41 52 鉄紺
105 99 154 藤納戸
67 71 162 ききょう（桔梗）色
53 53 115 紺藍
162 148 200 藤色
152 131 201 藤紫
116 69 170 青紫
113 76 153 菫（すみれ）色
102 89 113 鳩羽色
116 75 152 しょうぶ（菖蒲）色
97 72 118 江戸紫
167 87 168 紫
118 82 118 古代紫
71 57 70 なす（茄子）紺
66 44 65 紫紺（しこん）
197 115 178 あやめ（菖蒲）色
201 64 147 牡丹（ぼたん）色
218 80 143 赤紫
240 240 240 白
235 231 225 胡粉（ごふん）色
234 224 213 生成り（きなり）色
222 210 191 象牙色
156 156 156 銀鼠（ぎんねず）
153 141 134 茶鼠（ちゃねずみ）
131 131 131 鼠色
110 121 114 利休鼠（りきゅうねずみ）
114 119 125 鉛色
118 118 118 灰色
93 82 69 すす
62 49 43 黒茶
52 52 52 墨
42 42 42 黒
42 42 42 鉄黒（てつぐろ）
0 0 0 黒
238 142 160 ローズピンク
174 43 82 コチニールレッド
185 11 80 ルビーレッド
128 39 63 ワインレッド
68 46 49 バーガンディー
198 122 133 オールドローズ
219 53 97 ローズ
187 0 75 ストロベリー
255 127 143 コーラルレッド
234 145 152 ピンク
83 54 56 ボルドー
254 198 197 ベビーピンク
223 51 78 ポピーレッド
206 33 67 シグナルレッド
190 0 57 カーマイン
223 52 71 レッド
223 52 71 トマトレッド
102 43 44 マルーン
239 69 74 バーミリオン
222 56 56 スカーレット
169 80 69 テラコッタ
255 158 140 サーモンピンク
249 201 185 シェルピンク
239 186 168 ネールピンク
253 90 42 チャイニーズレッド
197 84 49 キャロットオレンジ
162 85 60 バーントシェンナ
80 56 48 チョコレート
222 178 95 ブロンド
112 75 56 ココアブラウン
232 189 165 ピーチ
177 99 42 ローシェンナ
239 129 15 オレンジ
109 76 51 ブラウン
216 159 109 アプリコット
158 108 63 タン
240 150 41 マンダリンオレンジ
159 124 92 コルク
245 205 166 エクルベージュ
232 154 60 ゴールデンイエロー
255 164 0 マリーゴールド
192 149 103 バフ
170 122 64 アンバー
122 89 47 ブロンズ
188 167 141 ベージュ
184 136 59 イエローオーカー
87 70 45 バーントアンバー
72 60 44 セピア
146 114 58 カーキー
238 192 99 ネープルスイエロー
223 194 145 レグホーン
118 91 27 ローアンバー
246 191 0 クロムイエロー
244 213 0 イエロー
228 211 162 クリームイエロー
244 213 0 ジョンブリアン
237 214 52 カナリア
101 95 71 オリーブドラブ
92 84 36 オリーブ
217 202 0 レモンイエロー
87 85 49 オリーブグリーン
192 209 54 シャトルーズグリーン
137 152 59 リーフグリーン
115 124 62 グラスグリーン
151 182 77 シーグリーン
76 103 51 アイビーグリーン
162 210 158 アップルグリーン
88 206 145 ミントグリーン
0 154 87 グリーン
9 194 137 コバルトグリーン
0 164 116 エメラルドグリーン
0 126 78 マラカイトグリーン
32 69 55 ボトルグリーン
42 119 98 フォレストグリーン
0 109 86 ビリジアン
0 72 58 ビリヤードグリーン
0 125 127 ピーコックグリーン
61 142 149 ナイルブルー
0 110 123 ピーコックブルー
0 157 191 ターコイズブルー
0 82 107 マリンブルー
135 175 197 ホリゾンブルー
0 156 209 シアン
137 189 222 スカイブルー
0 115 162 セルリアンブルー
163 186 205 ベビーブルー
90 121 147 サックスブルー
0 111 171 ブルー
0 98 160 コバルトブルー
58 72 97 アイアンブルー
58 72 97 プルシャンブルー
37 42 53 ミッドナイトブルー
110 130 173 ヒアシンス
52 61 85 ネービーブルー
56 77 152 ウルトラマリンブルー
48 66 133 オリエンタルブルー
121 103 195 ウイスタリア
67 49 113 パンジー
136 101 178 ヘリオトロープ
113 76 153 バイオレット
154 138 159 ラベンダー
133 88 150 モーブ
194 157 200 ライラック
198 156 197 オーキッド
167 87 168 パープル
209 58 132 マゼンタ
211 88 137 チェリーピンク
202 71 117 ローズレッド
240 240 240 ホワイト
240 240 240 スノーホワイト
222 210 191 アイボリー
179 184 187 スカイグレイ
170 170 170 パールグレイ
156 156 156 シルバーグレイ
143 143 143 アッシュグレイ
140 128 128 ローズグレイ
118 118 118 グレイ
109 105 111 スチールグレイ
81 83 86 スレートグレイ
75 71 77 チャコールグレイ
33 33 33 ランプブラック
33 33 33 ブラック
