255 204 217 赤紫
255 204 213 赤紫
255 204 209 赤紫
255 204 204 赤紫
255 209 204 赤紫
255 213 204 赤紫
255 217 204 赤紫
240 168 186 赤紫
240 168 180 赤紫
240 168 174 赤紫
240 168 168 赤紫
240 174 168 赤紫
240 180 168 赤紫
240 186 168 赤紫
211 121 144 赤紫
211 121 136 赤紫
211 121 129 赤紫
211 121 121 赤紫
211 129 121 赤紫
211 136 121 赤紫
211 143 121 赤紫
204 102 128 赤紫
204 102 119 赤紫
204 102 110 赤紫
204 102 102 赤紫
204 110 102 赤紫
204 119 102 赤紫
204 127 102 赤紫
204 153 166 赤紫
204 153 162 赤紫
204 153 158 赤紫
204 153 153 赤紫
204 158 153 赤紫
204 162 153 赤紫
204 166 153 赤紫
153 102 115 赤紫
153 102 110 赤紫
153 102 106 赤紫
153 102 102 赤紫
153 106 102 赤紫
153 110 102 赤紫
153 115 102 赤紫
255 221 204 赤紫
255 226 204 赤紫
255 230 204 赤紫
255 234 204 赤紫
241 192 168 赤紫
241 198 168 赤紫
240 204 168 赤紫
240 210 168 赤紫
240 216 168 赤紫
204 170 153 赤紫
204 174 153 赤紫
204 179 153 赤紫
204 183 153 赤紫
255 153 179 赤
255 153 170 赤
255 153 162 赤
255 153 153 赤
255 162 153 赤
255 170 153 赤
255 179 153 赤
255 102 140 赤
255 102 128 赤
255 102 115 赤
255 102 102 赤
255 115 102 赤
255 127 102 赤
255 140 102 赤
255 51 102 赤
255 51 85 赤
255 51 68 赤
255 51 51 赤
255 68 51 赤
255 85 51 赤
255 102 51 赤
255 0 64 赤
255 0 42 赤
255 0 21 赤
255 0 0 赤
255 21 0 赤
255 42 0 赤
255 63 0 赤
230 25 76 赤
230 25 59 赤
230 25 42 赤
230 25 25 赤
230 42 25 赤
230 59 25 赤
230 76 25 赤
204 0 51 赤
204 0 34 赤
204 0 17 赤
204 0 0 赤
204 17 0 赤
204 34 0 赤
204 51 0 赤
153 0 38 赤
153 0 25 赤
153 0 12 赤
153 0 0 赤
153 12 0 赤
153 25 0 赤
204 51 89 赤
204 51 76 赤
204 51 64 赤
204 51 51 赤
204 63 51 赤
204 76 51 赤
204 89 51 赤
191 64 96 赤
191 64 85 赤
191 64 74 赤
192 64 64 赤
191 74 64 赤
191 85 64 赤
191 95 64 赤
153 51 76 赤
153 51 68 赤
153 51 59 赤
153 51 51 赤
153 59 51 赤
153 68 51 赤
153 38 0 茶
102 0 25 茶
102 0 17 茶
102 0 8 茶
102 0 0 茶
102 8 0 茶
102 17 0 茶
102 25 0 茶
51 0 12 茶
51 0 8 茶
51 0 4 茶
51 0 0 茶
51 4 0 茶
51 8 0 茶
51 12 0 茶
153 76 51 茶
115 38 57 茶
115 38 51 茶
115 38 44 茶
115 38 38 茶
115 44 38 茶
115 51 38 茶
115 57 38 茶
102 64 51 茶
153 51 0 茶
153 63 0 茶
153 76 0 茶
153 89 0 茶
153 102 0 茶
153 115 0 茶
102 34 0 茶
102 42 0 茶
102 51 0 茶
102 59 0 茶
102 68 0 茶
102 76 0 茶
51 17 0 茶
51 21 0 茶
51 25 0 茶
51 29 0 茶
51 34 0 茶
51 38 0 茶
240 222 168 茶
212 151 120 茶
212 158 120 茶
211 166 121 茶
211 173 121 茶
211 181 121 茶
211 188 121 茶
204 136 102 茶
204 145 102 茶
204 153 102 茶
204 162 102 茶
204 170 102 茶
204 179 102 茶
204 102 51 茶
204 115 51 茶
204 128 51 茶
204 140 51 茶
204 153 51 茶
204 166 51 茶
191 106 64 茶
191 117 64 茶
192 128 64 茶
191 138 64 茶
191 149 64 茶
192 160 64 茶
153 85 51 茶
153 93 51 茶
153 102 51 茶
153 110 51 茶
153 119 51 茶
153 128 51 茶
115 63 38 茶
115 70 38 茶
115 76 38 茶
115 83 38 茶
115 89 38 茶
255 238 204 オレンジ
255 243 204 オレンジ
255 187 153 オレンジ
255 196 153 オレンジ
255 204 153 オレンジ
255 213 153 オレンジ
255 221 153 オレンジ
255 230 153 オレンジ
255 153 102 オレンジ
255 166 102 オレンジ
255 179 102 オレンジ
255 191 102 オレンジ
255 204 102 オレンジ
255 217 102 オレンジ
255 119 51 オレンジ
255 136 51 オレンジ
255 153 51 オレンジ
255 170 51 オレンジ
255 187 51 オレンジ
255 204 51 オレンジ
255 85 0 オレンジ
255 106 0 オレンジ
255 128 0 オレンジ
255 149 0 オレンジ
255 170 0 オレンジ
255 191 0 オレンジ
230 93 25 オレンジ
230 110 25 オレンジ
230 127 25 オレンジ
230 145 25 オレンジ
230 162 25 オレンジ
230 179 25 オレンジ
204 68 0 オレンジ
204 85 0 オレンジ
204 102 0 オレンジ
204 119 0 オレンジ
204 136 0 オレンジ
204 153 0 オレンジ
255 247 204 黄
255 251 204 黄
255 255 204 黄
251 255 204 黄
254 233 9 黄
255 247 153 黄
255 255 153 黄
247 255 153 黄
255 230 102 黄
255 243 102 黄
255 255 102 黄
255 221 51 黄
255 238 51 黄
255 255 51 黄
255 213 0 黄
255 234 0 黄
255 255 0 黄
230 196 25 黄
230 213 25 黄
240 228 168 黄
240 234 168 黄
240 240 168 黄
247 255 204 黄緑
238 255 153 黄緑
243 255 102 黄緑
230 255 102 黄緑
238 255 51 黄緑
221 255 51 黄緑
234 255 0 黄緑
213 255 0 黄緑
230 230 25 黄緑
213 230 25 黄緑
196 230 25 黄緑
204 170 0 黄緑
204 187 0 黄緑
204 204 0 黄緑
187 204 0 黄緑
170 204 0 黄緑
153 127 0 黄緑
153 140 0 黄緑
153 153 0 黄緑
140 153 0 黄緑
128 153 0 黄緑
102 85 0 黄緑
102 93 0 黄緑
102 102 0 黄緑
93 102 0 黄緑
85 102 0 黄緑
51 42 0 黄緑
51 46 0 黄緑
51 51 0 黄緑
46 51 0 黄緑
42 51 0 黄緑
234 240 168 黄緑
228 240 168 黄緑
211 196 121 黄緑
211 203 121 黄緑
211 211 121 黄緑
203 211 121 黄緑
196 211 121 黄緑
204 187 102 黄緑
204 196 102 黄緑
204 204 102 黄緑
196 204 102 黄緑
187 204 102 黄緑
204 179 51 黄緑
204 191 51 黄緑
204 204 51 黄緑
192 204 51 黄緑
179 204 51 黄緑
191 170 64 黄緑
191 181 64 黄緑
192 192 64 黄緑
181 191 64 黄緑
170 191 64 黄緑
153 136 51 黄緑
153 145 51 黄緑
153 153 51 黄緑
145 153 51 黄緑
136 153 51 黄緑
115 102 38 黄緑
115 108 38 黄緑
115 115 38 黄緑
108 115 38 黄緑
102 115 38 黄緑
243 255 204 黄緑
238 255 204 黄緑
234 255 204 黄緑
230 255 204 黄緑
226 255 204 黄緑
221 255 204 黄緑
217 255 204 黄緑
230 255 153 黄緑
221 255 153 黄緑
213 255 153 黄緑
204 255 153 黄緑
196 255 153 黄緑
187 255 153 黄緑
179 255 153 黄緑
217 255 102 黄緑
204 255 102 黄緑
192 255 102 黄緑
179 255 102 黄緑
166 255 102 黄緑
153 255 102 黄緑
140 255 102 黄緑
204 255 51 黄緑
187 255 51 黄緑
170 255 51 黄緑
153 255 51 黄緑
136 255 51 黄緑
119 255 51 黄緑
102 255 51 黄緑
192 255 0 黄緑
170 255 0 黄緑
149 255 0 黄緑
128 255 0 黄緑
106 255 0 黄緑
85 255 0 黄緑
64 255 0 黄緑
179 230 25 黄緑
162 230 25 黄緑
145 230 25 黄緑
128 230 25 黄緑
110 230 25 黄緑
93 230 25 黄緑
76 230 25 黄緑
153 204 0 黄緑
136 204 0 黄緑
119 204 0 黄緑
102 204 0 黄緑
85 204 0 黄緑
68 204 0 黄緑
51 204 0 黄緑
115 153 0 黄緑
102 153 0 黄緑
89 153 0 黄緑
76 153 0 黄緑
64 153 0 黄緑
51 153 0 黄緑
38 153 0 黄緑
76 102 0 黄緑
68 102 0 黄緑
59 102 0 黄緑
51 102 0 黄緑
42 102 0 黄緑
34 102 0 黄緑
25 102 0 黄緑
38 51 0 黄緑
34 51 0 黄緑
29 51 0 黄緑
25 51 0 黄緑
21 51 0 黄緑
17 51 0 黄緑
12 51 0 黄緑
222 240 168 黄緑
216 240 168 黄緑
210 240 168 黄緑
204 240 168 黄緑
198 240 168 黄緑
192 240 168 黄緑
186 240 168 黄緑
188 211 121 黄緑
181 211 121 黄緑
173 211 121 黄緑
166 211 121 黄緑
158 211 121 黄緑
158 211 121 黄緑
143 211 121 黄緑
179 204 102 黄緑
170 204 102 黄緑
162 204 102 黄緑
153 204 102 黄緑
145 204 102 黄緑
136 204 102 黄緑
128 204 102 黄緑
166 204 51 黄緑
153 204 51 黄緑
140 204 51 黄緑
128 204 51 黄緑
115 204 51 黄緑
102 204 51 黄緑
96 204 51 黄緑
160 192 64 黄緑
149 191 64 黄緑
138 191 64 黄緑
128 192 64 黄緑
117 191 64 黄緑
106 191 64 黄緑
96 192 64 黄緑
128 153 51 黄緑
119 153 51 黄緑
110 153 51 黄緑
102 153 51 黄緑
93 153 51 黄緑
85 153 51 黄緑
76 153 51 黄緑
96 115 38 黄緑
89 115 38 黄緑
83 115 38 黄緑
76 115 38 黄緑
70 115 38 黄緑
64 115 38 黄緑
57 115 38 黄緑
213 255 204 緑
209 255 204 緑
204 255 204 緑
204 255 209 緑
204 255 213 緑
204 255 217 緑
204 255 221 緑
204 255 226 緑
204 255 230 緑
170 255 153 緑
162 255 153 緑
153 255 153 緑
153 255 162 緑
153 255 170 緑
153 255 179 緑
153 255 187 緑
153 255 196 緑
153 255 204 緑
128 255 102 緑
115 255 102 緑
102 255 102 緑
102 255 115 緑
102 255 127 緑
102 255 140 緑
102 255 153 緑
102 255 166 緑
102 255 179 緑
85 255 51 緑
68 255 51 緑
51 255 51 緑
51 255 68 緑
51 255 85 緑
51 255 102 緑
51 255 119 緑
51 255 136 緑
51 255 153 緑
42 255 0 緑
21 255 0 緑
0 255 0 緑
0 255 21 緑
0 255 42 緑
0 255 64 緑
0 255 85 緑
0 255 106 緑
0 255 128 緑
59 230 25 緑
42 230 25 緑
25 230 25 緑
25 230 42 緑
25 230 59 緑
25 230 76 緑
25 230 93 緑
25 230 110 緑
25 230 127 緑
34 204 0 緑
17 204 0 緑
0 204 0 緑
0 204 17 緑
0 204 34 緑
0 204 51 緑
0 204 68 緑
0 204 85 緑
0 204 102 緑
25 153 0 緑
12 153 0 緑
0 153 0 緑
0 153 12 緑
0 153 25 緑
0 153 38 緑
0 153 51 緑
0 153 63 緑
0 153 76 緑
17 102 0 緑
8 102 0 緑
0 102 0 緑
0 102 8 緑
0 102 17 緑
0 102 25 緑
0 102 34 緑
0 102 42 緑
0 102 51 緑
8 51 0 緑
4 51 0 緑
0 51 0 緑
0 51 4 緑
0 51 8 緑
0 51 12 緑
0 51 17 緑
0 51 21 緑
0 51 25 緑
180 240 168 緑
174 240 168 緑
168 240 168 緑
168 240 174 緑
168 240 180 緑
168 240 186 緑
168 240 192 緑
168 240 198 緑
168 240 204 緑
136 211 121 緑
128 212 121 緑
121 211 121 緑
121 211 129 緑
121 211 136 緑
121 211 143 緑
121 211 151 緑
121 211 158 緑
121 211 166 緑
119 204 102 緑
110 204 102 緑
102 204 102 緑
102 204 110 緑
102 204 119 緑
102 204 128 緑
102 204 136 緑
102 204 145 緑
102 204 153 緑
76 204 51 緑
64 204 51 緑
51 204 51 緑
51 204 63 緑
51 204 76 緑
51 204 96 緑
51 204 102 緑
51 204 115 緑
51 204 128 緑
85 191 64 緑
74 191 64 緑
64 192 64 緑
64 191 74 緑
64 191 85 緑
64 192 96 緑
64 191 106 緑
64 191 117 緑
64 192 128 緑
68 153 51 緑
59 153 51 緑
51 153 51 緑
51 153 59 緑
51 153 68 緑
51 153 76 緑
51 153 85 緑
51 153 93 緑
51 153 102 緑
51 115 38 緑
44 115 38 緑
38 115 38 緑
38 115 44 緑
38 115 51 緑
38 115 57 緑
38 115 63 緑
38 115 70 緑
38 115 76 緑
223 240 220 緑
221 240 220 緑
220 240 220 緑
220 240 221 緑
220 240 223 緑
220 240 225 緑
220 240 226 緑
220 240 228 緑
220 240 230 緑
168 194 163 緑
166 194 163 緑
163 194 163 緑
163 194 166 緑
163 194 168 緑
163 194 171 緑
163 194 174 緑
163 194 176 緑
163 194 179 緑
162 204 153 緑
158 204 153 緑
153 204 153 緑
153 204 158 緑
153 204 162 緑
153 204 166 緑
153 204 170 緑
153 204 174 緑
153 204 179 緑
110 153 102 緑
106 153 102 緑
102 153 102 緑
102 153 106 緑
102 153 110 緑
102 153 115 緑
102 153 119 緑
102 153 123 緑
102 153 127 緑
59 102 51 緑
55 102 51 緑
51 102 51 緑
51 102 55 緑
51 102 59 緑
51 102 64 緑
51 102 68 緑
51 102 72 緑
51 102 75 緑
66 92 61 緑
64 92 61 緑
61 92 61 緑
61 92 63 緑
61 92 66 緑
61 92 69 緑
61 92 71 緑
61 92 74 緑
61 92 76 緑
204 255 234 青緑
204 255 238 青緑
204 255 243 青緑
204 255 247 青緑
204 255 251 青緑
204 255 255 青緑
204 251 255 青緑
204 247 255 青緑
204 243 255 青緑
153 255 213 青緑
153 255 221 青緑
153 255 230 青緑
153 255 238 青緑
153 255 247 青緑
153 255 255 青緑
153 247 255 青緑
153 238 255 青緑
153 230 255 青緑
102 255 191 青緑
102 255 204 青緑
102 255 217 青緑
102 255 230 青緑
102 255 243 青緑
102 255 255 青緑
102 243 255 青緑
102 230 255 青緑
102 217 255 青緑
51 255 170 青緑
51 255 187 青緑
51 255 204 青緑
51 255 221 青緑
51 255 238 青緑
51 255 255 青緑
51 238 255 青緑
51 221 255 青緑
51 204 255 青緑
0 255 149 青緑
0 255 170 青緑
0 255 192 青緑
0 255 213 青緑
0 255 234 青緑
0 255 255 青緑
0 234 255 青緑
0 213 255 青緑
0 192 255 青緑
25 230 144 青緑
25 230 162 青緑
25 230 179 青緑
25 230 196 青緑
25 230 213 青緑
25 230 230 青緑
25 213 230 青緑
25 196 230 青緑
25 179 230 青緑
0 204 119 青緑
0 204 136 青緑
0 204 153 青緑
0 204 170 青緑
0 204 187 青緑
0 204 204 青緑
0 187 204 青緑
0 170 204 青緑
0 153 204 青緑
0 153 89 青緑
0 153 102 青緑
0 153 115 青緑
0 153 127 青緑
0 153 140 青緑
0 153 153 青緑
0 140 153 青緑
0 128 153 青緑
0 115 153 青緑
0 102 59 青緑
0 102 68 青緑
0 102 76 青緑
0 102 85 青緑
0 102 93 青緑
0 102 102 青緑
0 93 102 青緑
0 85 102 青緑
0 76 102 青緑
0 51 29 青緑
0 51 34 青緑
0 51 38 青緑
0 51 42 青緑
0 51 46 青緑
0 51 51 青緑
0 46 51 青緑
0 42 51 青緑
0 38 51 青緑
168 240 210 青緑
168 240 216 青緑
168 240 222 青緑
168 240 228 青緑
168 240 234 青緑
168 240 240 青緑
168 235 241 青緑
168 229 241 青緑
168 222 240 青緑
121 211 173 青緑
121 211 181 青緑
121 211 188 青緑
121 211 196 青緑
121 211 203 青緑
121 211 211 青緑
120 204 212 青緑
121 196 211 青緑
121 188 211 青緑
102 204 162 青緑
102 204 170 青緑
102 204 179 青緑
102 204 187 青緑
102 204 196 青緑
102 204 204 青緑
102 196 204 青緑
102 187 204 青緑
102 179 204 青緑
51 204 140 青緑
51 204 153 青緑
51 204 166 青緑
51 204 179 青緑
51 204 191 青緑
51 204 204 青緑
51 192 204 青緑
51 179 204 青緑
51 166 204 青緑
64 191 138 青緑
64 191 149 青緑
64 192 160 青緑
64 191 170 青緑
64 191 181 青緑
64 192 192 青緑
64 181 191 青緑
64 170 191 青緑
64 160 192 青緑
51 153 110 青緑
51 153 119 青緑
51 153 128 青緑
51 153 136 青緑
51 153 145 青緑
51 153 153 青緑
51 145 153 青緑
51 136 153 青緑
51 128 153 青緑
38 115 83 青緑
38 115 89 青緑
38 115 96 青緑
38 115 102 青緑
38 115 108 青緑
38 115 115 青緑
38 108 115 青緑
38 102 115 青緑
38 96 115 青緑
220 240 232 青緑
220 240 233 青緑
220 240 235 青緑
220 240 237 青緑
220 240 238 青緑
220 240 240 青緑
220 238 240 青緑
220 237 240 青緑
220 235 240 青緑
163 194 181 青緑
163 194 184 青緑
163 194 186 青緑
163 194 189 青緑
163 194 191 青緑
163 194 194 青緑
163 192 194 青緑
163 189 194 青緑
163 186 194 青緑
153 204 183 青緑
153 204 187 青緑
153 204 191 青緑
153 204 196 青緑
153 204 200 青緑
153 204 204 青緑
153 200 204 青緑
153 196 204 青緑
153 191 204 青緑
102 153 132 青緑
102 153 136 青緑
102 153 140 青緑
102 153 145 青緑
102 153 149 青緑
102 153 153 青緑
102 149 153 青緑
102 145 153 青緑
102 140 153 青緑
51 102 81 青緑
51 102 85 青緑
51 102 89 青緑
51 102 93 青緑
51 102 97 青緑
51 102 102 青緑
51 97 102 青緑
51 93 102 青緑
51 89 102 青緑
61 92 79 青緑
61 92 81 青緑
61 92 84 青緑
61 92 87 青緑
61 92 89 青緑
61 92 92 青緑
61 89 92 青緑
61 87 92 青緑
61 84 92 青緑
204 238 255 青
204 234 255 青
204 230 255 青
204 226 255 青
204 221 255 青
204 217 255 青
204 213 255 青
204 209 255 青
204 204 255 青
209 204 255 青
213 204 255 青
153 221 255 青
153 213 255 青
153 204 255 青
153 196 255 青
153 187 255 青
153 179 255 青
153 170 255 青
153 162 255 青
153 153 255 青
162 153 255 青
170 153 255 青
102 204 255 青
102 192 255 青
102 179 255 青
102 166 255 青
102 153 255 青
102 140 255 青
102 128 255 青
102 115 255 青
102 102 255 青
115 102 255 青
127 102 255 青
51 187 255 青
51 170 255 青
51 153 255 青
51 136 255 青
51 119 255 青
51 102 255 青
51 85 255 青
51 68 255 青
51 51 255 青
68 51 255 青
85 51 255 青
0 170 255 青
0 149 255 青
0 128 255 青
0 106 255 青
0 85 255 青
0 64 255 青
0 42 255 青
0 21 255 青
0 0 255 青
21 0 255 青
42 0 255 青
25 162 230 青
25 145 230 青
25 128 230 青
25 110 230 青
25 93 230 青
25 76 230 青
25 59 230 青
25 42 230 青
25 25 230 青
42 25 230 青
59 25 230 青
0 136 204 青
0 119 204 青
0 102 204 青
0 85 204 青
0 68 204 青
0 51 204 青
0 34 204 青
0 17 204 青
0 0 204 青
17 0 204 青
34 0 204 青
0 102 153 青
0 89 153 青
0 76 153 青
0 64 153 青
0 51 153 青
0 38 153 青
0 25 153 青
0 12 153 青
0 0 153 青
12 0 153 青
25 0 153 青
0 68 102 青
0 59 102 青
0 51 102 青
0 42 102 青
0 34 102 青
0 25 102 青
0 17 102 青
0 8 102 青
0 0 102 青
8 0 102 青
17 0 102 青
0 34 51 青
0 29 51 青
0 25 51 青
0 21 51 青
0 17 51 青
0 12 51 青
0 8 51 青
0 4 51 青
0 0 51 青
4 0 51 青
8 0 51 青
168 216 240 青
168 210 240 青
168 204 240 青
168 198 240 青
168 192 240 青
168 186 240 青
168 180 240 青
168 174 240 青
168 168 240 青
174 168 240 青
180 168 240 青
121 181 211 青
121 173 211 青
121 166 211 青
121 158 211 青
121 151 211 青
121 143 211 青
121 136 211 青
121 129 211 青
121 121 211 青
129 121 211 青
136 121 211 青
102 170 204 青
102 162 204 青
102 153 204 青
102 145 204 青
102 136 204 青
102 128 204 青
102 119 204 青
102 110 204 青
102 102 204 青
110 102 204 青
119 102 204 青
51 153 204 青
51 140 204 青
51 128 204 青
51 115 204 青
51 102 204 青
51 96 204 青
51 76 204 青
51 64 204 青
51 51 204 青
63 51 204 青
76 51 204 青
64 149 191 青
64 138 191 青
64 128 192 青
64 117 191 青
64 106 191 青
64 96 192 青
64 85 191 青
64 74 191 青
64 64 192 青
74 64 191 青
85 64 191 青
51 119 153 青
51 110 153 青
51 102 153 青
51 93 153 青
51 85 153 青
51 76 153 青
51 68 153 青
51 59 153 青
51 51 153 青
59 51 153 青
68 51 153 青
38 89 115 青
38 83 115 青
38 76 115 青
38 70 115 青
38 64 115 青
38 57 115 青
38 51 115 青
38 44 115 青
38 38 115 青
44 38 115 青
51 38 115 青
220 233 240 青
220 232 240 青
220 230 240 青
220 228 240 青
220 226 240 青
220 225 240 青
220 223 240 青
220 221 240 青
220 220 240 青
221 220 240 青
223 220 240 青
163 184 194 青
163 181 194 青
163 179 194 青
163 176 194 青
163 174 194 青
163 171 194 青
163 168 194 青
163 166 194 青
163 163 194 青
166 163 194 青
168 163 194 青
153 187 204 青
153 183 204 青
153 179 204 青
153 174 204 青
153 170 204 青
153 166 204 青
153 162 204 青
153 158 204 青
153 153 204 青
158 153 204 青
162 153 204 青
102 136 153 青
102 132 153 青
102 128 153 青
102 123 153 青
102 119 153 青
102 115 153 青
102 110 153 青
102 106 153 青
102 102 153 青
106 102 153 青
110 102 153 青
51 85 102 青
51 81 102 青
51 75 102 青
51 72 102 青
51 68 102 青
51 64 102 青
51 59 102 青
51 55 102 青
51 51 102 青
55 51 102 青
59 51 102 青
61 81 92 青
61 79 92 青
61 76 92 青
61 74 92 青
61 71 92 青
61 69 92 青
61 66 92 青
61 64 92 青
61 61 92 青
63 61 92 青
66 61 92 青
217 204 255 青
221 204 255 青
226 204 255 青
179 153 255 青
187 153 255 青
196 153 255 青
140 102 255 青
153 102 255 青
166 102 255 青
102 51 255 青
119 51 255 青
136 51 255 青
64 0 255 青
85 0 255 青
106 0 255 青
76 25 230 青
93 25 230 青
110 25 230 青
51 0 204 青
68 0 204 青
85 0 204 青
38 0 153 青
51 0 153 青
63 0 153 青
25 0 102 青
34 0 102 青
42 0 102 青
12 0 51 青
17 0 51 青
21 0 51 青
186 168 240 青
192 168 240 青
198 168 240 青
143 121 211 青
151 121 211 青
158 121 211 青
128 102 204 青
136 102 204 青
145 102 204 青
89 51 204 青
102 51 204 青
115 51 204 青
96 64 192 青
106 64 191 青
117 64 191 青
76 51 153 青
85 51 153 青
93 51 153 青
57 38 115 青
63 38 115 青
70 38 115 青
225 220 240 青
226 220 240 青
228 220 240 青
171 163 194 青
174 163 194 青
176 163 194 青
166 153 204 青
170 153 204 青
174 153 204 青
115 102 153 青
119 102 153 青
123 102 153 青
64 51 102 青
68 51 102 青
72 51 102 青
69 61 92 青
71 61 92 青
74 61 92 青
230 204 255 紫
234 204 255 紫
238 204 255 紫
243 204 255 紫
247 204 255 紫
251 204 255 紫
204 153 255 紫
213 153 255 紫
221 153 255 紫
230 153 255 紫
238 153 255 紫
247 153 255 紫
179 102 255 紫
191 102 255 紫
204 102 255 紫
217 102 255 紫
230 102 255 紫
243 102 255 紫
153 51 255 紫
170 51 255 紫
187 51 255 紫
204 51 255 紫
221 51 255 紫
238 51 255 紫
128 0 255 紫
149 0 255 紫
170 0 255 紫
192 0 255 紫
213 0 255 紫
234 0 255 紫
127 25 230 紫
145 25 230 紫
162 25 230 紫
179 25 230 紫
196 25 230 紫
213 25 230 紫
102 0 204 紫
119 0 204 紫
136 0 204 紫
153 0 204 紫
170 0 204 紫
187 0 204 紫
76 0 153 紫
89 0 153 紫
102 0 153 紫
115 0 153 紫
127 0 153 紫
140 0 153 紫
51 0 102 紫
59 0 102 紫
68 0 102 紫
76 0 102 紫
85 0 102 紫
93 0 102 紫
25 0 51 紫
29 0 51 紫
34 0 51 紫
38 0 51 紫
42 0 51 紫
46 0 51 紫
204 168 240 紫
210 168 240 紫
216 168 240 紫
222 168 240 紫
228 168 240 紫
234 168 240 紫
166 121 211 紫
173 121 211 紫
181 121 211 紫
188 121 211 紫
196 121 211 紫
203 121 211 紫
153 102 204 紫
162 102 204 紫
170 102 204 紫
179 102 204 紫
187 102 204 紫
196 102 204 紫
128 51 204 紫
140 51 204 紫
153 51 204 紫
166 51 204 紫
179 51 204 紫
191 51 204 紫
128 64 192 紫
138 64 191 紫
149 64 191 紫
160 64 192 紫
170 64 191 紫
181 64 191 紫
102 51 153 紫
110 51 153 紫
119 51 153 紫
128 51 153 紫
136 51 153 紫
145 51 153 紫
76 38 115 紫
83 38 115 紫
89 38 115 紫
96 38 115 紫
102 38 115 紫
108 38 115 紫
230 220 240 紫
232 220 240 紫
233 220 240 紫
235 220 240 紫
237 220 240 紫
238 220 240 紫
179 163 194 紫
181 163 194 紫
184 163 194 紫
186 163 194 紫
189 163 194 紫
191 163 194 紫
179 153 204 紫
183 153 204 紫
187 153 204 紫
191 153 204 紫
196 153 204 紫
200 153 204 紫
127 102 153 紫
132 102 153 紫
136 102 153 紫
140 102 153 紫
145 102 153 紫
149 102 153 紫
75 51 102 紫
81 51 102 紫
85 51 102 紫
89 51 102 紫
93 51 102 紫
97 51 102 紫
76 61 92 紫
79 61 92 紫
81 61 92 紫
84 61 92 紫
87 61 92 紫
89 61 92 紫
255 204 255 ピンク
255 204 251 ピンク
255 204 247 ピンク
255 204 243 ピンク
255 204 238 ピンク
255 204 234 ピンク
255 204 230 ピンク
255 204 226 ピンク
255 204 221 ピンク
255 153 255 ピンク
255 153 247 ピンク
255 153 238 ピンク
255 153 230 ピンク
255 153 221 ピンク
255 153 213 ピンク
255 153 204 ピンク
255 153 196 ピンク
255 153 187 ピンク
255 102 255 ピンク
255 102 243 ピンク
255 102 230 ピンク
255 102 217 ピンク
255 102 204 ピンク
255 102 192 ピンク
255 102 179 ピンク
255 102 166 ピンク
255 102 153 ピンク
255 51 255 ピンク
255 51 238 ピンク
255 51 221 ピンク
255 51 204 ピンク
255 51 187 ピンク
255 51 170 ピンク
255 51 153 ピンク
255 51 136 ピンク
255 51 119 ピンク
255 0 255 ピンク
255 0 234 ピンク
255 0 213 ピンク
255 0 192 ピンク
255 0 170 ピンク
255 0 149 ピンク
255 0 128 ピンク
255 0 106 ピンク
255 0 85 ピンク
230 25 230 ピンク
230 25 213 ピンク
230 25 196 ピンク
230 25 179 ピンク
230 25 162 ピンク
230 25 145 ピンク
230 25 128 ピンク
230 25 110 赤
230 25 93 赤
204 0 204 ピンク
204 0 187 ピンク
204 0 170 ピンク
204 0 153 ピンク
204 0 136 ピンク
204 0 119 ピンク
204 0 102 ピンク
204 0 85 赤
204 0 68 赤
153 0 153 ピンク
153 0 140 ピンク
153 0 128 ピンク
153 0 115 ピンク
153 0 102 ピンク
153 0 89 ピンク
153 0 76 ピンク
153 0 64 ピンク
153 0 51 ピンク
102 0 102 ピンク
102 0 93 ピンク
102 0 85 ピンク
102 0 76 ピンク
102 0 68 ピンク
102 0 59 ピンク
102 0 51 ピンク
102 0 42 ピンク
102 0 34 ピンク
51 0 51 ピンク
51 0 46 ピンク
51 0 42 ピンク
51 0 38 ピンク
51 0 34 ピンク
51 0 29 ピンク
51 0 25 ピンク
51 0 21 ピンク
51 0 17 ピンク
240 168 240 ピンク
240 168 234 ピンク
240 168 228 ピンク
240 168 222 ピンク
240 168 216 ピンク
240 168 210 ピンク
240 168 204 ピンク
240 168 198 ピンク
240 168 192 ピンク
211 121 211 ピンク
211 121 203 ピンク
211 121 196 ピンク
211 121 188 ピンク
211 121 181 ピンク
211 121 173 ピンク
211 121 166 ピンク
211 121 158 ピンク
211 121 151 ピンク
204 102 204 ピンク
204 102 196 ピンク
204 102 187 ピンク
204 102 179 ピンク
204 102 170 ピンク
204 102 162 ピンク
204 102 153 ピンク
204 102 145 ピンク
204 102 136 ピンク
204 51 204 ピンク
204 51 192 ピンク
204 51 179 ピンク
204 51 166 ピンク
204 51 153 ピンク
204 51 140 ピンク
204 51 128 ピンク
204 51 115 ピンク
204 51 102 ピンク
192 64 192 ピンク
191 64 181 ピンク
191 64 170 ピンク
192 64 160 ピンク
191 64 149 ピンク
191 64 138 ピンク
192 64 128 ピンク
191 64 117 ピンク
191 64 106 ピンク
153 51 153 ピンク
153 51 145 ピンク
153 51 136 ピンク
153 51 128 ピンク
153 51 119 ピンク
153 51 110 ピンク
153 51 102 ピンク
153 51 93 ピンク
153 51 85 ピンク
115 38 115 ピンク
115 38 108 ピンク
115 38 102 ピンク
115 38 96 ピンク
115 38 89 ピンク
115 38 83 ピンク
115 38 76 ピンク
115 38 70 ピンク
115 38 64 ピンク
194 163 194 紫
194 163 192 紫
194 163 189 紫
194 163 186 紫
194 163 184 紫
194 163 181 紫
194 163 179 紫
194 163 176 紫
194 163 174 紫
204 153 204 紫
204 153 200 紫
204 153 196 紫
204 153 191 紫
204 153 187 紫
204 153 183 紫
204 153 180 紫
204 153 174 紫
204 153 170 紫
153 102 153 紫
153 102 149 紫
153 102 145 紫
153 102 140 紫
153 102 136 紫
153 102 132 紫
153 102 128 紫
153 102 123 紫
153 102 119 紫
102 51 102 紫
102 51 97 紫
102 51 93 紫
102 51 89 紫
102 51 85 紫
102 51 81 紫
102 51 75 紫
102 51 72 紫
102 51 68 紫
92 61 92 紫
92 61 89 紫
92 61 87 紫
92 61 84 紫
92 61 81 紫
92 61 79 紫
92 61 76 紫
92 61 74 紫
92 61 71 紫
0 0 0 黒
255 255 255 白
216 180 52 オレンジ
251 229 230 ピンク
251 220 226 ピンク
245 215 219 ピンク
117 31 136 紫
227 38 54 赤
156 102 31 茶
227 23 13 赤
255 127 80 赤
240 128 128 赤
255 20 147 赤
212 61 26 赤
178 34 34 赤
227 18 48 赤
255 105 180 赤
176 23 31 赤
255 160 122 赤
227 46 48 赤
176 48 96 赤
255 192 203 赤
255 182 193 赤
135 38 87 赤紫
255 0 0 赤
227 54 56 赤
250 128 114 赤
255 99 71 赤
212 26 31 赤
163 148 128 茶
128 42 42 茶
219 41 41 茶
135 66 31 茶
222 184 135 茶
138 54 15 茶
138 51 36 茶
210 105 30 茶
115 61 26 茶
255 125 64 茶
255 87 33 オレンジ
199 120 38 茶
255 61 13 赤
240 230 140 黄
189 183 107 茶
205 133 63 茶
188 143 143 茶
199 97 20 茶
115 74 18 茶
94 38 18 茶
160 82 45 茶
139 69 19 茶
244 164 96 茶
210 180 140 茶
94 38 5 茶
255 97 3 オレンジ
255 3 13 赤
237 145 33 オレンジ
255 140 0 オレンジ
150 69 20 オレンジ
227 112 26 茶
255 128 0 オレンジ
255 69 0 赤
227 130 23 オレンジ
255 168 36 黄
227 207 87 黄
255 227 3 黄
255 153 18 オレンジ
255 215 0 黄
218 165 32 黄
184 134 11 茶
250 250 210 黄
238 232 170 黄
238 221 130 黄
227 168 105 茶
255 168 18 オレンジ
255 255 0 黄
127 255 0 緑
102 128 20 緑
97 179 41 緑
61 145 64 緑
0 201 87 緑
34 139 34 緑
0 255 0 緑
0 100 0 緑
152 251 152 緑
173 255 47 緑
124 252 0 緑
50 205 50 緑
189 252 201 緑
59 94 43 緑
107 142 35 緑
85 107 47 緑
10 201 43 緑
48 128 20 緑
46 139 87 緑
143 188 143 緑
60 179 113 緑
32 178 170 緑
0 255 127 緑
0 250 154 緑
56 94 15 緑
110 255 112 緑
154 205 50 緑
127 255 212 青
102 205 170 青
0 255 255 青
224 255 255 青
64 224 208 青
0 206 209 青
72 209 204 青
175 238 238 青
240 248 255 青
0 0 255 青
173 216 230 青
0 0 205 青
95 158 160 青
61 89 171 青
100 149 237 青
5 184 204 青
30 144 255 青
8 46 84 青
3 168 158 青
25 25 112 青
0 0 128 青
51 161 201 青
176 224 230 青
65 105 225 青
106 90 205 青
72 61 139 青
132 112 255 青
123 104 238 青
135 206 235 青
0 191 255 青
135 206 250 青
70 130 180 青
176 196 222 青
0 199 140 青
18 10 143 青
138 43 226 紫
145 33 158 紫
255 0 255 赤紫
218 112 214 赤紫
153 50 204 紫
186 85 211 紫
219 38 69 赤
221 160 221 赤紫
160 32 240 紫
147 112 219 紫
92 36 110 赤紫
143 94 153 紫
148 0 211 紫
208 32 144 赤紫
199 21 133 赤紫
219 112 147 赤紫
212 202 186 茶
174 147 146 赤紫
230 207 212 赤紫
240 236 216 茶
