0 0 0 黒
3 3 3 黒
5 5 5 黒
8 8 8 黒
10 10 10 黒
13 13 13 黒
15 15 15 黒
18 18 18 黒
23 23 23 黒
26 26 26 グレイ
28 28 28 グレイ
31 31 31 グレイ
33 33 33 グレイ
36 36 36 グレイ
38 38 38 グレイ
41 41 41 グレイ
43 43 43 グレイ
46 46 46 グレイ
48 48 48 グレイ
51 51 51 グレイ
54 54 54 グレイ
56 56 56 グレイ
59 59 59 グレイ
61 61 61 グレイ
64 64 64 グレイ
66 66 66 グレイ
69 69 69 グレイ
71 71 71 グレイ
74 74 74 グレイ
77 77 77 グレイ
79 79 79 グレイ
82 82 82 グレイ
84 84 84 グレイ
87 87 87 グレイ
89 89 89 グレイ
92 92 92 グレイ
94 94 94 グレイ
97 97 97 グレイ
99 99 99 グレイ
102 102 102 グレイ
105 105 105 グレイ
107 107 107 グレイ
110 110 110 グレイ
112 112 112 グレイ
115 115 115 グレイ
117 117 117 グレイ
120 120 120 グレイ
122 122 122 グレイ
125 125 125 グレイ
127 127 127 グレイ
130 130 130 グレイ
133 133 133 グレイ
135 135 135 グレイ
138 138 138 グレイ
140 140 140 グレイ
143 143 143 グレイ
145 145 145 グレイ
148 148 148 グレイ
150 150 150 グレイ
153 153 153 グレイ
156 156 156 グレイ
158 158 158 グレイ
161 161 161 グレイ
163 163 163 グレイ
166 166 166 グレイ
168 168 168 グレイ
171 171 171 グレイ
173 173 173 グレイ
176 176 176 グレイ
179 179 179 グレイ
181 181 181 グレイ
184 184 184 グレイ
186 186 186 グレイ
189 189 189 グレイ
191 191 191 グレイ
194 194 194 グレイ
196 196 196 グレイ
199 199 199 グレイ
199 199 199 グレイ
201 201 201 グレイ
204 204 204 グレイ
207 207 207 グレイ
207 207 207 グレイ
212 212 212 グレイ
214 214 214 グレイ
217 217 217 グレイ
219 219 219 グレイ
222 222 222 グレイ
227 227 227 グレイ
229 229 229 グレイ
232 232 232 グレイ
235 235 235 グレイ
237 237 237 グレイ
255 255 255 白
